3225788389
1386536219
1904822745
1035154770
2859788066
985719191
3624791447
2418615473
3043309905
3020893614
2509784277
3587765872
1953560964
3022742650
1546041381
432621476
536021177
3796938313
1122978128
2341265787
60421637
2832655938
1042056084
1944144241
4287961121
848383063
3305707853
1929557877
4071307541
1059725970
2943994037
375391220
389029437
2580657918
504956524
2732694820
2917559665
733100637
1727593751
1765360699
1692546458
1349881286
2215666243
3138264669
2562836421
3938188228
2809343297
3902081502
1402348285
2143689724
957077030
686353773
2180386229
2589910349
3809997155
3863884403
1339027000
3831279952
2623799800
2621329868
3150355856
4105331912
56104342
1875844170
3295870792
3032974334
49948687
2102718538
4154224147
3655971975
1191693363
1663582814
2988859463
2571272071
1665377262
1426857058
2953120000
3901375525
3226432547
1709176710
3576670787
3774305665
3236029904
1968150234
3577603237
88585038
211562137
928966302
2376168866
796806033
2554709166
2749565231
228706543
1806811793
1903846780
4275398432
2498016635
3964284365
331098502
2892115271
1189594183
114844677
3366192925
3166572328
4019700102
3925018670
513357158
747213337
1642266021
3349324183
4086775312
1164615924
333797095
3759050068
2647679353
78757297
2340994614
4033724867
1915018320
3886843607
2416351094
1994236979
573078846
3035618960
1793943938
637734364
2763161461
1027212044
438961469
3992525411
2560624667
3967839372
1638911883
2250738240
3608145852
995462309
360146063
334661848
2884130766
1902337972
2133913552
3784570110
2154141651
3995047366
2425846684
2005639703
548293854
2828132018
1713293755
575109196
632621131
3153977292
754278458
2249757342
361056296
1010072317
2255613957
495448417
2752966231
1663036289
3451653053
1566951234
549806861
2785296384
3474210525
604695736
1723676744
246186560
821563593
3214146964
1583308258
2923609752
36656763
1924577808
3579827766
1741732557
697271477
278840313
1855956629
2416272736
845698289
3611123666
1327644294
3810540212
3563702517
438024498
4010154047
2851740702
155371683
3573463913
3274983831
582520663
926140242
1784561952
2086789132
455404942
2310714039
691082703
2337523865
4100130237
2160558953
1942737416
1159428618
947803188
2122273744
945879935
2923751817
3646977012
2088724850
2507498398
1141094969
2763574344
2205555054
2347952238
2656981602
2319175889
3459550931
3733365708
869964461
2856515915
2750782679
3350513871
3756247011
3974946387
920167081
994606233
1274962973
2146981327
4134649790
1895587374
351017348
2924104614
482754172
1414277884
2563927916
4092717555
2608886106
4024704360
2938926196
586667646
2467197918
1619182235
4130205314
1868505880
670022093
1786588996
1508990761
66435950
1367946292
1073922792
1826856764
1596901239
898125125
2788031169
251656449
3590839963
3649942288
2663551461
3645190254
2084378058
2019068790
1819813988
3041059541
2044478778
1796218875
1340561207
3001106809
1582507746
140613473
4237869081
1060536424
1362097951
206980495
2806706225
3461768206
703089854
1354513953
1149819510
449606641
2198039673
287319268
2949794208
1653668434
4031350347
2297264539
2942511757
785132305
1676139987
166459909
150181045
2264324965
59111265
3071246856
1384788590
2911404003
41096426
2560351353
3000025717
551174076
1025056806
1644374523
556766561
1098216217
3920627841
3825937434
1392899086
2481928002
2694781719
663826674
2866326893
928083541
4030569730
1280359958
3117196478
988898350
2545703893
523000819
2504592466
805755729
3468986084
40872061
604078532
502291148
1416888367
2175284846
2971184994
672454194
1829448323
2722130911
3275872112
2001191289
3813756216
2960642285
2088816032
3277145517
4233941458
978722819
814401448
3617222988
213962096
1849149178
1038283612
1378353255
2591255258
2254933481
4131604704
1214362640
1301902813
1331064593
2717573989
3869001301
1907243860
3756449895
4210649286
3631857241
338195583
3105715340
1467221970
4091529298
2534814178
3872024323
1186225869
279381978
2920730149
638642238
2600189357
2187187201
740465988
3328168795
1099292742
1601529445
3115390689
1164907974
2126376300
2930636491
2695979440
4188013492
187803706
3145216621
4229693127
1671469561
3579566351
1633671827
2212817416
3685979749
3121132777
2661996695
11468432
3700019891
3247655781
2164649264
2133557002
2494043077
2882347250
4171553339
1184979763
2703286348
1126057489
2156974381
2852097090
929208471
546578175
244297842
2427836365
3055031941
2477460636
1067061645
2689986586
312714194
1481228418
4158545340
3893412462
544176045
3313291737
1541202940
3375026546
2443469510
3446173080
3130964212
2219278943
3853391359
806516053
3382497004
1517548642
4229309522
688736839
2897054771
1860710666
1173481260
1486243875
3366192159
3924813368
3703629483
1542024499
215255192
3614284830
527975204
1507445637
1256245331
2209118840
3486223836
928311135
227095758
1465970273
1076357524
2299497290
953847474
3212394507
1717258041
2772817930
4277515975
2830319122
4092643143
3627875420
3259983498
1916768542
1732225222
1350314452
234006885
1345403588
2602769007
2654415161
2615897354
56758153
2372750267
3121359920
2880318115
1208442014
2614068755
1931497990
1624872054
3540269811
1667449989
2401519214
3735459489
469974437
410511940
1512109315
2538836720
2982957879
3679944800
1598880376
4180914919
498504956
727281030
3574895740
2208787130
3916804149
3576074880
1730767432
14275431
2813074891
2629409143
3513007942
50820357
589534997
1097272384
562238251
2152996921
1491696358
488935294
4043912795
2331172271
1697451141
3885966230
3690840759
770202276
822927777
2489116378
1678371492
816037459
2783217344
1749907308
1172928222
3723059203
2621221318
2303614030
3331726960
88749711
1490819905
1004705382
4173740347
3738390091
1857438684
602881109
3340341761
4238755900
4203267597
2578956897
480397458
1287106629
557041727
3061678780
3143262528
3868173188
2731433193
1600998255
127926803
1306601188
3854321558
1521861323
1406241456
749421482
4147095567
1731580825
2406853658
3039362531
1063057851
2963239982
337852338
2398335396
2280873206
1893284591
515416625
2704041065
1311541046
3324983649
1636993147
615392508
473490467
1549744217
1526284032
1674352473
3202668551
743014635
1472085151
2052552517
2362654058
1974161903
4027604201
1197207261
2963163570
3908837265
929385904
2169161443
1221019498
2948648947
2704628590
3786136562
949616954
1539646377
934693093
1966878164
1201921858
2786957926
2811525003
4225066335
2594543190
2839705548
2180066430
3436962583
12927236
1423011218
3173966003
4070247641
3709239503
3860868581
556645912
4213989051
616085262
2478630344
2222435635
4103666731
3738867097
2548695911
2432304296
1550595674
3948856250
477290324
2928629154
1425938692
3943815602
143035964
3946696358
2632667129
3532963100
316305148
3184056765
4200591962
2391558504
693087184
627944931
1184979763
462074197
